0.19,0.02,0.00,0.00
0.21,0.01,0.00,0.00
0.22,0.01,0.00,0.00
0.23,-0.01,0.00,0.00
0.24,-0.00,0.00,0.00
0.25,0.01,0.00,0.00
0.27,0.01,0.00,0.00
0.29,0.01,0.00,0.00
0.31,0.02,0.00,0.00
0.33,0.00,0.00,0.00
0.35,0.01,0.00,0.00
0.38,0.00,0.00,0.00
0.40,0.00,0.00,0.00
0.42,0.01,0.00,0.00
0.44,-0.01,0.00,0.00
0.46,0.00,0.00,0.00
0.49,0.00,0.00,0.00
0.51,0.01,0.00,0.00
0.53,-0.00,0.00,0.00
0.55,0.03,0.00,0.00
0.57,0.01,0.00,0.00
0.60,0.01,0.00,0.00
0.62,0.01,0.00,0.00
0.64,0.01,0.00,0.00
0.66,0.00,0.00,0.00
0.69,0.00,0.00,0.00
0.71,-0.01,0.00,0.00
0.73,-0.00,0.00,0.00
0.75,0.00,0.00,0.00
0.77,0.02,0.00,0.00
0.80,0.01,0.00,0.00
0.82,-0.00,0.00,0.00
0.84,-0.00,0.00,0.00
0.86,0.01,0.00,0.00
0.88,0.02,0.00,0.00
0.91,-0.01,0.00,0.00
0.93,0.00,0.00,0.00
0.95,-0.00,0.00,0.00
0.97,-0.00,0.00,0.00
1.00,-0.00,0.00,0.00
1.02,-0.00,0.00,0.00
1.04,0.00,0.00,0.00
1.06,0.02,0.00,0.00
1.09,0.00,0.00,0.00
1.11,0.01,0.00,0.00
1.13,0.01,0.00,0.00
1.15,-0.00,0.00,0.00
1.17,0.01,0.00,0.00
1.20,0.01,0.00,0.00
1.22,0.01,0.00,0.00
1.24,0.00,0.00,0.00
1.26,-0.00,0.00,0.00
1.29,0.01,0.00,0.00
1.31,0.01,0.00,0.00
1.33,0.00,0.00,0.00
1.35,0.00,0.00,0.00
1.37,0.00,0.00,0.00
1.39,0.00,0.00,0.00
1.42,-0.01,0.00,0.00
1.44,0.00,0.00,0.00
1.46,0.01,0.00,0.00
1.48,0.00,0.00,0.00
1.50,0.01,0.00,0.00
1.53,0.01,0.00,0.00
1.55,0.01,0.00,0.00
1.57,0.00,0.00,0.00
1.59,0.01,0.00,0.00
1.61,0.03,0.00,0.00
1.64,0.01,0.00,0.00
1.66,0.01,0.00,0.00
1.68,0.01,0.00,0.00
1.70,0.01,0.00,0.00
1.72,-0.01,0.00,0.00
1.75,0.00,0.00,0.00
1.77,0.01,0.00,0.00
1.79,0.01,0.00,0.00
1.81,-0.01,0.00,0.00
1.84,0.06,0.00,0.00
1.86,0.05,0.00,0.00
1.88,-0.01,0.00,0.00
1.90,-0.01,0.00,0.00
1.92,-0.00,0.00,0.00
1.95,0.01,0.00,0.00
1.97,0.01,0.00,0.00
1.99,0.00,0.00,0.00
2.01,0.01,0.00,0.00
2.03,0.00,0.00,0.00
2.06,0.01,0.00,0.00
2.08,-0.00,0.00,0.00
2.10,0.05,0.00,0.00
2.12,0.14,0.00,0.00
2.15,0.18,0.00,0.00
2.17,0.17,0.00,0.00
2.19,0.00,0.00,0.00
2.21,-0.00,0.00,0.00
2.23,0.01,0.00,0.00
2.25,0.01,0.00,0.00
2.28,0.04,0.00,0.00
2.30,0.09,0.00,0.00
2.32,0.14,0.00,0.00
2.34,0.22,0.00,0.00
2.36,0.31,0.00,0.00
2.39,0.41,0.00,0.00
2.41,0.59,0.00,0.00
2.43,0.82,0.00,0.00
2.45,1.12,0.00,0.00
2.47,1.56,0.00,0.00
2.50,1.83,0.00,0.00
2.52,2.08,0.00,0.00
2.54,2.40,0.00,0.00
2.56,2.70,0.00,0.00
2.58,3.30,0.00,0.00
2.61,4.00,0.00,0.00
2.63,4.76,0.00,0.00
2.65,6.35,0.00,0.00
2.67,7.16,0.00,0.00
2.69,7.63,0.00,0.00
2.71,8.04,0.00,0.00
2.74,8.10,0.00,0.00
2.76,7.89,0.00,0.00
2.78,7.64,0.00,0.00
2.80,7.11,0.00,0.00
2.82,6.24,0.00,0.00
2.84,5.49,0.00,0.00
2.87,5.24,0.00,0.00
2.89,5.42,0.00,0.00
2.91,5.84,0.00,0.00
2.93,6.31,0.00,0.00
2.95,6.73,0.00,0.00
2.98,7.03,0.00,0.00
3.00,7.33,0.00,0.00
3.02,7.64,0.00,0.00
3.04,8.12,0.00,0.00
3.06,7.97,0.00,0.00
3.09,7.56,0.00,0.00
3.11,7.19,0.00,0.00
3.13,6.95,0.00,0.00
3.15,6.84,0.00,0.00
3.17,6.66,0.00,0.00
3.19,6.32,0.00,0.00
3.22,5.94,0.00,0.00
3.24,5.62,0.00,0.00
3.26,5.39,0.00,0.00
3.28,5.26,0.00,0.00
3.30,5.08,0.00,0.00
3.32,5.06,0.00,0.00
3.35,5.00,0.00,0.00
3.37,4.99,0.00,0.00
3.39,4.97,0.00,0.00
3.41,5.05,0.00,0.00
3.43,5.25,0.00,0.00
3.46,5.45,0.00,0.00
3.48,5.56,0.00,0.00
3.50,5.56,0.00,0.00
3.52,5.55,0.00,0.00
3.54,5.66,0.00,0.00
3.57,6.07,0.00,0.00
3.59,6.42,0.00,0.00
3.61,6.66,0.00,0.00
3.63,6.88,0.00,0.00
3.65,6.99,0.00,0.00
3.68,7.04,0.00,0.00
3.70,6.77,0.00,0.00
3.72,6.43,0.00,0.00
3.74,6.11,0.00,0.00
3.76,5.75,0.00,0.00
3.78,5.45,0.00,0.00
3.81,4.83,0.00,0.00
3.83,4.70,0.00,0.00
3.85,4.61,0.00,0.00
3.87,4.40,0.00,0.00
3.89,4.36,0.00,0.00
3.91,4.66,0.00,0.00
3.94,4.89,0.00,0.00
3.96,4.73,0.00,0.00
3.98,4.54,0.00,0.00
4.00,4.80,0.00,0.00
4.02,6.34,0.00,0.00
4.05,6.46,0.00,0.00
4.07,5.94,0.00,0.00
4.09,6.10,0.00,0.00
4.11,6.22,0.00,0.00
4.13,6.46,0.00,0.00
4.16,6.50,0.00,0.00
4.18,6.42,0.00,0.00
4.20,6.45,0.00,0.00
4.22,6.71,0.00,0.00
4.24,6.85,0.00,0.00
4.26,6.87,0.00,0.00
4.29,6.92,0.00,0.00
4.31,6.84,0.00,0.00
4.33,6.71,0.00,0.00
4.35,6.60,0.00,0.00
4.37,6.59,0.00,0.00
4.40,6.53,0.00,0.00
4.42,6.44,0.00,0.00
4.44,6.42,0.00,0.00
4.46,6.37,0.00,0.00
4.48,6.23,0.00,0.00
4.50,6.11,0.00,0.00
4.53,5.92,0.00,0.00
4.55,5.85,0.00,0.00
4.57,5.74,0.00,0.00
4.59,5.68,0.00,-0.18
4.61,5.54,0.00,-0.35
4.64,5.38,0.00,-0.88
4.66,5.13,0.00,-1.23
4.68,4.88,0.00,-1.58
4.71,4.66,0.00,-1.76
4.73,4.56,0.00,-1.76
4.75,4.45,0.00,-1.76
4.77,4.23,0.00,-1.76
4.80,4.00,0.00,-1.76
4.82,3.95,0.00,-1.76
4.84,3.81,0.00,-1.76
4.87,3.70,0.00,-1.76
4.89,3.58,0.00,-1.58
4.91,3.47,0.00,-0.88
4.94,2.86,0.00,2.81
4.96,3.23,0.00,5.98
4.98,3.39,0.00,7.73
5.00,3.37,0.00,8.44
5.02,3.31,0.00,8.44
5.04,3.26,0.00,8.44
5.07,3.30,0.00,8.44
5.09,3.36,0.00,8.44
5.11,3.36,0.00,8.44
5.13,3.35,0.00,8.44
5.15,3.31,0.00,8.44
5.18,3.23,0.00,8.44
5.20,3.24,0.00,8.44
5.22,3.18,0.00,8.44
5.24,3.18,0.00,8.26
5.26,3.10,0.00,8.26
5.28,3.09,0.00,8.26
5.31,3.06,0.00,8.26
5.33,2.98,0.00,8.26
5.35,2.88,0.00,8.26
5.37,2.83,0.00,8.26
5.39,2.84,-0.18,8.26
5.42,2.82,-0.35,8.26
5.44,2.73,-0.70,8.26
5.46,2.66,-1.23,8.79
5.49,2.58,-1.93,9.32
5.51,2.59,-2.64,9.49
5.53,2.59,-3.16,9.49
5.55,2.56,-3.87,9.49
5.58,2.52,-4.22,9.49
5.60,2.47,-4.57,9.49
5.62,2.44,-5.10,9.49
5.65,2.40,-5.80,9.49
5.67,2.39,-6.68,9.49
5.69,2.39,-7.38,9.67
5.71,2.37,-8.44,10.02
5.74,2.38,-9.49,10.55
5.76,2.41,-10.55,10.55
5.79,2.51,-11.25,10.55
5.81,2.49,-11.43,10.55
5.84,2.51,-11.25,10.55
5.86,2.58,-11.25,10.02
5.89,2.64,-10.90,9.67
5.91,2.62,-10.02,9.14
5.94,2.66,-8.96,8.09
5.96,2.70,-7.91,7.21
5.98,2.74,-6.86,5.98
6.00,2.83,-5.80,5.45
6.03,2.82,-4.92,5.45
6.05,2.84,-4.22,5.45
6.07,2.74,-3.69,5.45
6.09,2.70,-2.99,5.45
6.12,2.72,-2.46,5.45
6.14,2.66,-2.29,5.45
6.16,2.63,-2.29,5.45
6.19,2.61,-2.29,5.10
6.21,2.57,-2.29,4.04
6.23,2.42,-2.29,2.99
6.25,2.34,-2.29,2.46
6.28,2.28,-2.29,2.29
6.30,2.24,-2.46,2.29
6.32,2.20,-2.64,2.46
6.35,2.17,-2.99,2.46
6.37,2.17,-3.34,2.46
6.39,2.12,-3.52,2.46
6.42,2.09,-3.69,2.46
6.44,2.08,-3.87,2.99
6.46,2.08,-4.22,3.87
6.48,2.10,-4.39,4.92
6.51,2.08,-4.39,5.63
6.53,2.05,-4.57,5.98
6.55,1.99,-4.57,5.98
6.57,1.93,-4.57,5.80
6.60,1.94,-4.75,5.80
6.62,1.93,-4.92,5.80
6.64,1.89,-5.27,4.39
6.67,1.89,-5.80,2.29
6.69,1.84,-6.15,0.18
6.71,1.76,-6.50,-1.23
6.74,1.71,-6.50,-1.93
6.76,1.67,-6.50,-1.93
6.78,1.66,-6.50,-1.93
6.81,1.66,-6.50,-1.93
6.83,1.66,-6.50,-1.93
6.86,1.70,-6.15,-1.93
6.88,1.80,-5.80,-1.76
6.90,1.90,-5.10,-1.58
6.93,1.98,-4.22,-0.53
6.95,2.04,-3.16,0.35
6.97,2.12,-2.11,1.05
7.00,2.20,-1.05,1.41
7.02,2.18,0.00,1.76
7.04,2.17,0.88,1.93
7.06,2.11,1.41,1.93
7.09,2.02,1.58,1.93
7.11,1.99,1.58,1.93
7.13,2.00,1.58,1.93
7.15,1.96,1.58,1.93
7.17,1.90,1.58,1.76
7.20,1.87,1.23,0.00
7.22,1.83,0.88,-2.29
7.24,1.74,0.18,-4.39
7.26,1.66,-0.53,-5.80
7.29,1.58,-1.41,-6.50
7.31,1.54,-2.29,-6.68
7.33,1.45,-3.34,-6.68
7.36,1.40,-4.39,-6.68
7.38,1.33,-5.63,-6.68
7.41,1.33,-7.03,-6.68
7.43,1.48,-8.44,-6.68
7.45,1.02,-9.84,-6.50
7.48,1.19,-10.90,-6.50
7.50,1.18,-11.25,-6.50
7.53,1.23,-11.07,-6.15
7.55,1.28,-10.90,-3.52
7.58,1.34,-10.55,-0.88
7.60,1.47,-10.02,0.88
7.63,1.54,-8.96,1.76
7.65,1.58,-7.73,2.46
7.67,1.66,-6.15,2.81
7.70,1.67,-4.39,3.34
7.72,1.70,-2.64,4.04
7.74,1.79,-1.05,4.39
7.76,1.91,0.35,4.57
7.78,1.90,1.41,4.57
7.81,1.87,2.11,4.57
7.83,1.83,2.64,4.39
7.85,1.80,2.64,4.39
7.87,1.78,2.64,4.39
7.90,1.72,2.64,4.39
7.92,1.70,2.46,2.46
7.94,1.68,2.11,0.00
7.96,1.66,1.58,-2.29
7.98,1.59,0.70,-4.39
8.01,1.57,-0.18,-5.80
8.03,1.55,-1.05,-6.33
8.05,1.51,-2.11,-6.33
8.08,1.49,-3.16,-6.33
8.10,1.42,-4.22,-6.33
8.13,1.41,-5.27,-6.15
8.15,1.41,-6.50,-6.15
8.17,1.34,-7.56,-6.15
8.20,1.31,-8.44,-6.15
8.22,1.36,-8.79,-5.27
8.25,1.44,-8.79,-2.81
8.27,1.53,-8.79,-0.18
8.29,1.64,-8.79,2.11
8.31,1.67,-8.61,3.69
8.34,1.78,-8.09,4.57
8.36,1.79,-6.86,4.75
8.38,1.78,-5.10,4.75
8.41,1.78,-2.99,4.75
8.43,1.78,-0.88,4.75
8.45,1.93,1.05,4.75
8.48,2.14,2.29,4.75
8.50,2.09,2.81,4.75
8.52,1.96,2.99,4.57
8.54,1.88,3.16,4.57
8.56,1.85,3.16,4.57
8.58,1.82,3.16,3.52
8.61,1.81,3.16,1.93
8.63,1.78,3.16,-0.18
8.65,1.73,2.64,-2.11
8.67,1.72,2.11,-4.04
8.70,1.67,1.41,-5.27
8.72,1.58,0.53,-5.98
8.74,1.52,-0.70,-5.98
8.77,1.47,-1.93,-5.98
8.79,1.44,-3.16,-5.98
8.81,1.37,-4.22,-5.98
8.84,1.37,-5.45,-5.98
8.86,1.40,-6.68,-5.98
8.89,1.46,-7.56,-5.80
8.91,1.68,-7.91,-5.80
8.93,1.93,-7.91,-5.80
8.96,2.18,-7.91,-5.80
8.98,2.50,-7.91,-4.39
9.01,3.08,-7.91,-2.81
9.03,3.72,-7.91,-1.41
9.05,4.23,-7.91,-0.53
9.08,4.73,-7.73,0.00
9.10,5.07,-7.73,0.35
9.12,5.17,-7.73,0.70
9.15,5.52,-7.73,0.88
9.17,6.03,-7.73,1.41
9.19,6.38,-7.73,2.11
9.21,6.75,-7.73,2.81
9.24,7.05,-7.73,3.52
9.26,7.22,-7.73,4.04
9.28,7.22,-7.56,4.57
9.31,7.19,-7.38,4.92
9.33,6.96,-7.21,5.45
9.35,6.65,-6.68,5.80
9.37,6.33,-6.15,5.80
9.40,6.17,-5.63,5.80
9.42,5.82,-5.45,5.80
9.44,5.44,-5.27,5.80
9.47,5.10,-5.10,5.80
9.49,4.93,-5.10,5.63
9.51,5.01,-5.10,5.63
9.53,4.80,-5.10,5.63
9.56,4.46,-5.10,4.92
9.58,4.16,-5.10,2.99
9.60,4.03,-5.10,1.23
9.63,3.80,-5.10,-0.18
9.65,3.57,-5.10,-1.05
9.67,3.39,-5.10,-1.93
9.70,3.32,-5.10,-2.46
9.72,3.23,-5.10,-2.99
9.75,3.15,-5.10,-3.16
9.77,3.07,-5.10,-3.16
9.79,2.94,-5.10,-3.16
9.82,2.90,-5.10,-3.16
9.84,2.82,-5.10,-3.16
9.87,2.69,-5.10,-3.16
9.89,2.65,-5.27,-3.16
9.91,2.63,-5.45,-3.16
9.94,2.61,-5.80,-2.99
9.96,2.61,-6.33,-1.76
9.98,2.65,-6.68,-0.35
10.01,2.72,-7.03,1.05
10.03,2.72,-7.38,2.46
10.06,2.68,-7.91,3.69
10.08,2.64,-8.44,4.92
10.10,2.63,-8.79,5.80
10.13,2.63,-9.14,6.33
10.15,2.58,-9.49,6.68
10.18,2.57,-9.84,6.86
10.20,2.58,-10.20,7.21
10.23,2.53,-10.20,7.56
10.25,2.55,-9.84,7.56
10.27,2.59,-8.79,7.56
10.30,2.58,-6.50,7.56
10.32,2.67,-4.04,7.56
10.35,2.86,-2.11,7.38
10.37,2.85,-0.88,7.38
10.39,2.81,-0.53,7.38
10.42,2.81,-0.53,7.38
10.44,2.78,-0.53,7.38
10.47,2.77,-0.53,7.38
10.49,2.74,-0.53,6.33
10.51,2.68,-0.53,5.10
10.54,2.66,-0.70,3.52
10.56,2.57,-1.23,1.93
10.59,2.51,-1.93,0.35
10.61,2.39,-2.46,-0.70
10.63,2.39,-2.81,-1.41
10.66,2.90,-2.81,-1.58
10.68,4.02,-2.64,-1.58
10.71,4.85,-2.64,-1.58
10.73,5.14,-2.64,-1.58
10.76,6.16,-2.46,-1.58
10.78,6.52,-2.46,-1.58
10.81,6.79,-2.46,-1.58
10.83,7.14,-2.46,-1.58
10.86,7.55,-2.46,-1.58
10.88,7.75,-2.46,-1.41
10.91,7.72,-2.46,-0.53
10.93,7.92,-2.46,0.35
10.96,8.14,-2.46,1.23
10.98,8.04,-2.46,1.76
11.01,7.88,-2.46,2.11
11.03,7.54,-2.46,2.29
11.05,7.16,-2.46,2.64
11.08,6.91,-2.46,3.16
11.10,6.60,-2.46,3.52
11.13,6.32,-2.81,3.69
11.15,6.22,-3.52,3.87
11.17,6.18,-4.39,4.22
11.20,6.09,-5.27,4.22
11.22,5.87,-5.98,4.22
11.24,5.55,-6.33,4.22
11.27,5.41,-6.50,4.39
11.29,5.33,-6.86,4.39
11.32,5.18,-7.21,4.39
11.34,5.01,-7.56,4.39
11.36,4.91,-7.91,4.39
11.39,4.83,-8.26,4.39
11.41,4.66,-8.96,4.39
11.44,4.53,-9.67,4.22
11.46,4.44,-10.37,3.52
11.48,4.35,-10.90,2.81
11.51,4.32,-11.25,2.11
11.53,4.16,-11.43,1.41
11.56,4.08,-11.78,0.70
11.59,4.06,-12.13,0.18
11.61,3.99,-12.48,-0.35
11.64,3.92,-12.83,-0.88
11.66,3.81,-13.18,-1.41
11.69,3.75,-13.54,-1.76
11.71,3.75,-14.24,-2.29
11.74,3.72,-14.77,-2.81
11.77,3.61,-15.29,-3.34
11.79,3.60,-15.47,-3.87
11.82,3.57,-15.47,-4.39
11.84,3.49,-15.47,-4.75
11.87,3.45,-15.47,-5.27
11.90,3.38,-15.64,-5.80
11.92,3.31,-15.82,-6.15
11.95,3.19,-16.17,-6.15
11.97,3.10,-16.52,-6.15
12.00,3.08,-16.87,-6.15
12.02,2.95,-17.23,-6.15
12.05,2.89,-17.58,-6.15
12.08,2.89,-18.28,-6.15
12.10,2.91,-18.98,-6.15
12.13,2.90,-19.51,-6.15
12.15,2.85,-19.86,-6.15
12.18,2.81,-20.04,-6.15
12.21,2.80,-20.21,-6.15
12.23,2.79,-20.39,-6.15
12.26,2.84,-20.57,-5.98
12.28,2.81,-20.92,-5.98
12.31,2.71,-21.09,-5.98
12.34,2.71,-21.27,-5.98
12.36,2.74,-21.45,-5.98
12.39,2.68,-21.80,-5.98
12.42,2.65,-22.15,-5.98
12.44,2.69,-22.50,-5.98
12.47,2.85,-22.50,-5.98
12.49,2.83,-22.50,-5.98
12.52,2.93,-22.32,-5.98
12.55,2.95,-22.32,-5.98
12.57,2.97,-21.97,-5.98
12.60,2.89,-21.27,-5.98
12.62,2.88,-20.04,-5.80
12.65,2.88,-18.46,-5.80
12.68,2.94,-17.05,-5.80
12.70,2.96,-15.82,-5.80
12.73,2.88,-15.47,-5.80
12.75,2.82,-15.47,-5.80
12.78,2.71,-15.47,-5.80
12.81,2.66,-15.64,-5.63
12.83,2.61,-16.35,-5.27
12.86,2.51,-17.40,-4.75
12.88,2.43,-18.28,-3.87
12.91,2.47,-18.63,-2.46
12.94,2.66,-18.46,-0.35
12.96,2.89,-18.46,1.58
12.99,2.94,-18.28,2.99
13.01,2.94,-17.93,3.16
13.04,2.92,-17.05,2.99
13.06,2.87,-16.52,2.99
13.09,2.86,-16.52,2.64
13.11,2.70,-16.52,0.35
13.14,2.65,-16.70,-1.93
13.16,2.56,-16.87,-3.69
13.19,2.49,-17.75,-4.39
13.21,2.36,-18.98,-4.39
13.24,2.14,-20.04,-4.22
13.27,1.89,-20.57,-4.22
13.29,1.85,-20.57,-4.22
13.32,1.92,-20.57,-2.64
13.34,2.13,-20.57,-0.35
13.37,2.37,-20.57,1.76
13.40,2.55,-20.04,2.99
13.42,2.70,-19.16,3.34
13.44,2.84,-17.58,3.34
13.47,2.97,-16.00,3.34
13.50,3.02,-14.41,3.16
13.52,2.99,-13.36,2.99
13.55,2.92,-12.83,1.23
13.57,2.87,-12.66,-0.18
13.60,2.67,-12.66,-1.23
13.62,2.51,-12.83,-2.11
13.65,2.34,-13.54,-2.81
13.67,2.16,-14.94,-2.99
13.70,2.06,-16.87,-2.99
13.73,1.90,-18.46,-2.99
13.75,1.86,-19.69,-2.99
13.78,1.92,-20.04,-2.99
13.80,1.95,-20.04,-2.99
13.83,1.94,-20.04,-2.99
13.86,1.97,-20.04,-2.81
13.88,1.98,-20.04,-2.81
13.91,2.04,-20.04,-2.81
13.93,2.04,-20.04,-2.81
13.96,2.03,-20.21,-2.81
13.99,2.05,-20.39,-2.81
14.01,2.08,-20.57,-2.81
14.04,2.08,-20.92,-2.81
14.06,2.08,-21.09,-2.81
14.09,2.07,-21.27,-2.81
14.12,2.13,-21.45,-2.81
14.14,2.16,-21.45,-2.81
14.17,2.22,-21.45,-2.81
14.19,2.36,-21.27,-2.11
14.22,2.48,-20.57,-1.93
14.25,2.57,-18.98,-1.93
14.27,2.57,-16.87,-1.93
14.30,2.65,-14.77,-1.93
14.32,2.65,-13.01,-2.11
14.35,2.65,-11.60,-2.11
14.38,2.57,-11.43,-3.16
14.40,2.36,-11.78,-4.57
14.43,2.21,-12.48,-5.45
14.45,2.07,-13.71,-5.63
14.48,1.89,-15.12,-5.45
14.51,1.78,-16.35,-5.45
14.53,1.62,-17.58,-5.45
14.56,1.44,-18.81,-5.45
14.58,1.45,-19.86,-5.45
14.61,1.47,-20.57,-5.10
14.64,1.46,-20.92,-3.52
14.66,1.50,-21.27,-2.29
14.69,1.50,-21.27,-1.58
14.71,1.61,-21.27,-1.41
14.74,1.70,-21.27,-1.41
14.77,1.74,-21.27,-1.41
14.79,1.83,-21.27,-1.23
14.82,1.76,-21.09,-1.23
14.84,1.77,-20.57,-1.23
14.87,1.76,-19.86,-1.76
14.90,1.64,-18.98,-4.22
14.92,1.59,-18.46,-5.63
14.95,1.61,-18.46,-6.33
14.97,1.62,-18.46,-6.68
15.00,1.56,-18.46,-6.86
15.03,1.61,-18.46,-6.86
15.05,1.56,-18.28,-6.68
15.08,1.50,-18.28,-6.68
15.10,1.44,-17.93,-6.33
15.13,1.46,-17.75,-3.69
15.16,1.60,-17.58,-1.58
15.18,1.64,-17.58,-0.88
15.21,1.64,-17.58,-0.88
15.23,1.53,-17.58,-0.88
15.26,1.41,-17.58,-0.88
15.29,1.25,-17.58,-0.88
15.31,1.17,-17.75,-1.05
15.34,1.08,-17.75,-3.52
15.36,1.01,-18.28,-5.63
15.39,0.95,-19.34,-6.86
15.42,0.82,-20.21,-7.03
15.44,0.78,-21.09,-7.03
15.47,0.85,-21.62,-6.86
15.49,0.87,-21.80,-6.86
15.52,1.09,-21.97,-6.86
15.55,0.66,-21.97,-6.86
15.57,0.78,-21.97,-5.98
15.60,0.60,-21.97,-4.92
15.62,0.46,-21.80,-4.39
15.65,0.24,-21.80,-4.39
15.68,0.15,-21.80,-4.39
15.70,0.10,-21.80,-4.57
15.73,0.05,-21.80,-4.75
15.75,0.05,-21.80,-4.92
15.78,0.06,-21.80,-4.92
15.81,0.04,-21.80,-4.92
15.83,0.04,-21.80,-4.92
15.86,0.05,-21.80,-4.92
15.88,0.06,-21.80,-4.92
15.91,0.05,-21.80,-4.92
15.94,0.05,-21.80,-4.92
15.96,0.05,-21.80,-4.92
15.99,0.05,-21.80,-4.92
16.01,0.03,-21.80,-4.92
16.04,0.06,-21.80,-4.92
16.07,0.05,-21.80,-4.92
16.09,0.05,-21.80,-4.92
16.12,0.05,-21.80,-4.92
16.14,0.04,-21.80,-4.92
16.17,0.06,-21.80,-4.92
16.20,0.06,-21.80,-4.92
16.22,0.04,-21.80,-4.92
16.25,0.05,-21.80,-4.92
16.27,0.04,-21.80,-4.92
16.30,0.04,-21.80,-4.92
16.33,0.05,-21.80,-4.92
16.35,0.05,-21.80,-4.92
16.38,0.05,-21.80,-4.92
16.40,0.06,-21.80,-4.92
16.43,0.04,-21.80,-4.92
16.46,0.04,-21.80,-4.92
16.48,0.05,-21.80,-4.92
16.51,0.07,-21.80,-4.92
16.53,0.04,-21.80,-4.92
16.56,0.06,-21.80,-4.92
16.59,0.05,-21.80,-4.92
16.61,0.04,-21.80,-4.92
16.64,0.06,-21.80,-4.92
16.66,0.04,-21.80,-4.92
16.69,0.05,-21.80,-4.92
16.72,0.06,-21.80,-4.92
16.74,0.05,-21.80,-4.92
16.77,0.05,-21.80,-4.92
16.79,0.04,-21.80,-4.92
16.82,0.04,-21.80,-4.92
16.85,0.05,-21.80,-4.92
16.87,0.05,-21.80,-4.92
16.90,0.06,-21.80,-4.92
16.92,0.06,-21.80,-4.92
16.95,0.05,-21.80,-4.92
16.98,0.05,-21.80,-4.92
17.00,0.06,-21.80,-4.92
17.03,0.04,-21.80,-4.92
17.05,0.06,-21.80,-4.92
17.08,0.05,-21.80,-4.92
17.10,0.05,-21.80,-4.92
17.13,0.04,-21.80,-4.92
17.16,0.03,-21.80,-4.92
17.18,0.04,-21.80,-4.92
17.21,0.05,-21.80,-4.92
17.23,0.06,-21.80,-4.92
17.26,0.05,-21.80,-4.92
17.29,0.05,-21.80,-4.92
17.31,0.05,-21.80,-4.92
17.34,0.06,-21.80,-4.92
17.37,0.05,-21.80,-4.92
17.39,0.05,-21.80,-4.92
17.42,0.05,-21.80,-4.92
17.44,0.07,-21.80,-4.92
17.47,0.06,-21.80,-4.92
17.50,0.03,-21.80,-4.92
17.52,0.05,-21.80,-4.92
17.55,0.03,-21.80,-4.92
17.57,0.05,-21.80,-4.92
17.60,0.06,-21.80,-4.92
17.63,0.04,-21.80,-4.92
